278733	33539
278742	251876
278742	272765
278745	7695
278745	13728
278745	14709
278745	18522
278745	27914
278745	28243
278745	28918
278745	36090
278745	38908
278745	40610
278745	40783
278745	44144
278745	44867
278745	47251
278745	47649
278745	51025
278745	53085
278745	55341
278745	60136
278745	62336
278745	63856
278745	67237
278745	67471
278745	71325
278745	75952
278745	77517
278745	80020
278745	80028
278745	82008
278745	92121
278745	93879
278745	94115
278745	96705
278745	98277
278745	99411
278745	101011
278745	107368
278745	113942
278745	115825
278745	116848
278745	117891
278745	121836
278745	126917
278745	129185
278745	130832
278745	134083
278745	134149
278745	137351
278745	137690
278745	139924
278745	145500
278745	152360
278745	154835
278745	162272
278745	162642
278745	164271
278745	170063
278745	173934
278745	174764
278745	177176
278745	177985
278745	184595
278745	191659
278745	201856
278745	204569
278745	205918
278745	214079
278745	215448
278745	216360
278745	218460
278745	220953
278745	222614
278745	231103
278745	235469
278745	238139
278745	245744
278745	246117
278745	248255
278745	254107
278745	256140
278745	259094
278745	265387
278745	268119
278745	269198
278745	272690
278745	273292
278745	276102
278748	278083
278779	226411
280059	24726
280059	45822
280059	73010
280059	118948
280059	121363
280059	129971
280059	194930
280059	213780
278816	34573
278816	38342
278816	81435
278816	105607
278816	164356
278816	167295
278816	198090
278816	214128
278816	226411
278816	234704
278816	245659
278821	68295
278824	186750
278824	223018
278824	225872
278824	268837
278830	2963
278830	59492
278830	71784
278830	74506
278830	77116
278830	92907
278830	119221
278830	195085
278850	5561
278850	11508
278850	58199
278850	66813
278850	93300
278850	99963
278850	113673
278850	118557
278850	128307
278850	174829
278850	178070
278864	186750
278864	225872
278893	21781
278893	186750
278893	225872
278904	30998
278904	32104
278904	55788
278904	91627
278904	154848
278904	241454
278904	245771
278904	280722
278918	226411
278928	34573
278928	38342
278928	39268
278928	57102
278928	61704
278928	63826
278928	81435
278928	91875
278928	93909
278928	105607
278928	135348
278928	142189
278928	142326
278928	144971
278928	145399
278928	164956
278928	166339
278928	167295
278928	169170
278928	171508
278928	183132
278928	197509
278928	198090
278928	214128
278928	226411
278928	227118
278928	229790
278928	232929
278928	234704
278928	235456
278928	239929
278928	243807
278928	245659
278928	247613
278928	265760
278928	274004
278937	226411
278950	68295
278993	186750
278993	225872
278994	35084
278994	41117
278994	58764
278994	86240
278994	222332
278994	248139
278994	270771
278999	278083
279001	67503
279001	134375
279001	170452
279004	89073
279004	262860
279005	226411
279017	35084
279017	41117
279017	58764
279017	86240
279017	248139
279017	270771
279028	33260
279028	57807
279028	209043
279028	263323
279065	186750
279065	225872
279068	35084
279068	41117
279068	58764
279068	86240
279068	248139
279068	270771
279081	226411
279083	3701
279083	33539
279083	38329
279083	167632
279083	263404
279085	153461
279085	186750
279085	225872
280487	9315
280487	17781
280487	62478
280487	71020
280487	77999
280487	95802
280487	96745
280487	110303
280487	120708
280487	137632
280487	173632
280487	176790
280487	181701
280487	183004
280487	221087
280487	247241
280487	254043
280487	259455
279102	226411
279111	33539
279152	33539
279152	172932
279156	2963
279156	59492
279156	71784
279156	74506
279156	77116
279156	92907
279156	119221
279156	195085
279157	226411
279159	42894
279159	45760
279159	57251
279159	60500
279159	211293
279159	237448
279159	248028
279175	15679
279175	30286
279175	70017
279175	82702
279175	159517
279175	195085
279175	222726
279175	258657
279209	186750
279209	225872
279217	14125
279217	19470
279217	20533
279217	53055
279217	84428
279217	92641
279217	116180
279217	117864
279217	141370
279217	165189
279217	177014
279217	226290
279217	243180
279217	244195
279217	247252
279217	281568
279231	33539
279260	186750
279260	225872
279262	166584
279262	186750
279262	225872
279262	252220
279264	186750
279264	225872
279269	197
279269	6098
279269	7016
279269	7695
279269	13728
279269	14246
279269	18522
279269	27914
279269	28918
279269	36090
279269	39140
279269	42285
279269	42438
279269	44867
279269	47649
279269	53085
279269	63856
279269	67471
279269	68009
279269	75952
279269	82637
279269	92121
279269	93879
279269	100000
279269	101011
279269	107368
279269	111617
279269	115114
279269	115825
279269	116848
279269	126328
279269	130832
279269	135264
279269	137690
279269	139924
279269	140547
279269	145500
279269	147731
279269	152944
279269	154835
279269	170063
279269	177176
279269	184595
279269	187986
279269	190259
279269	191181
279269	192830
279269	201856
279269	204569
279269	211260
279269	213696
279269	215448
279269	216360
279269	217065
279269	218460
279269	219623
279269	220953
279269	222614
279269	226137
279269	235469
279269	236386
279269	238139
279269	244670
279269	245744
279269	246117
279269	246928
279269	254107
279269	256140
279269	259094
279269	265387
279269	268119
279269	269198
279269	272690
279269	273292
279269	276237
279269	279226
279269	281196
279281	35084
279281	41117
279281	58764
279281	86240
279281	248139
279281	270771
279320	182103
279320	186750
279320	225872
279320	259946
279321	207801
279321	218170
279331	35084
279331	41117
279331	58764
279331	86240
279331	248139
279331	270771
279335	154832
279335	186750
279335	225872
279364	2963
279364	59492
279364	71784
279364	74506
279364	77116
279364	92907
279364	119221
279364	195085
279370	226411
279379	9373
279379	13943
279379	34573
279379	38342
279379	48518
279379	49414
279379	49421
279379	68057
279379	81435
279379	81600
279379	89604
279379	99359
279379	105607
279379	108140
279379	130925
279379	140073
279379	150437
279379	158899
279379	167295
279379	171490
279379	196548
279379	198090
279379	201800
279379	214128
279379	214682
279379	215193
279379	222245
279379	226411
279379	234704
279379	245659
279379	255907
279379	256844
279379	260535
279379	262724
279379	264707
279379	265997
279418	186750
279418	225872
280689	22794
280689	29587
280689	58933
280689	64737
280689	114813
280689	138869
280689	140066
280689	164067
279453	68295
279459	68295
279478	226411
279496	121393
279496	186750
279496	200539
279496	222348
279496	225872
279496	237960
279496	275613
279511	177724
279512	226411
279530	56878
279530	212119
279547	251876
279547	272765
279561	17781
279561	34918
279561	62478
279561	72622
279561	77999
279561	96559
279561	96745
279561	120708
279561	128995
279561	137632
279561	152618
279561	176790
279561	181701
279561	183004
279561	221087
279561	247241
279561	259455
279561	266305
279561	281486
279567	226411
279584	103396
279584	272822
279600	226411
279605	32939
279605	34573
279605	38342
279605	81435
279605	105607
279605	167295
279605	198090
279605	214128
279605	226411
279605	234704
279605	245659
279611	197
279611	7016
279611	7695
279611	11193
279611	14709
279611	15452
279611	18522
279611	21204
279611	27914
279611	28243
279611	35298
279611	36090
279611	39140
279611	42285
279611	42438
279611	44144
279611	44867
279611	47649
279611	52680
279611	53085
279611	55341
279611	62336
279611	63856
279611	64812
279611	68009
279611	73357
279611	75952
279611	80020
279611	83341
279611	92121
279611	93879
279611	94115
279611	95925
279611	100000
279611	100738
279611	101011
279611	107368
279611	114206
279611	115114
279611	115825
279611	116046
279611	120299
279611	124579
279611	125587
279611	129185
279611	130832
279611	134083
279611	137690
279611	139924
279611	140547
279611	143550
279611	143888
279611	144883
279611	145500
279611	147731
279611	148626
279611	152360
279611	152944
279611	154835
279611	164271
279611	174002
279611	175401
279611	177176
279611	185890
279611	187986
279611	190732
279611	196367
279611	201856
279611	204569
279611	205831
279611	205918
279611	209499
279611	215448
279611	218460
279611	219623
279611	220953
279611	222614
279611	226137
279611	230963
279611	235469
279611	236386
279611	238139
279611	245744
279611	246117
279611	246928
279611	248255
279611	249380
279611	252035
279611	257566
279611	259094
279611	265387
279611	268119
279611	269198
279611	270240
279611	272690
279611	273292
279611	276237
279611	276488
279611	278297
279611	279226
279611	281196
279622	42894
279622	45760
279622	57251
279622	60500
279622	211293
279622	237448
279622	248028
279626	68295
279651	68615
279651	84110
279651	186750
279651	225872
279660	24460
279660	226411
279675	226411
279682	35084
279682	41117
279682	58764
279682	86240
279682	248139
279682	270771
279693	186750
279693	225872
279713	34573
279713	38342
279713	81435
279713	105607
279713	156560
279713	167295
279713	198090
279713	214128
279713	226411
279713	234704
279713	245659
280733	34573
280733	38342
280733	39268
280733	57102
280733	61704
280733	63826
280733	81435
280733	91875
280733	93909
280733	105607
280733	135348
280733	142189
280733	142326
280733	144971
280733	145399
280733	164956
280733	166339
280733	167295
280733	169170
280733	171508
280733	183132
280733	197509
280733	198090
280733	214128
280733	226411
280733	227118
280733	229790
280733	232929
280733	234704
280733	235456
280733	239929
280733	243807
280733	245659
280733	247613
280733	265760
280733	274004
279721	129038
279721	226411
279758	40604
279758	103429
279758	204436
279758	226411
279758	236666
279763	186750
279763	225872
279772	68295
279787	2963
279787	59492
279787	71784
279787	74506
279787	77116
279787	92907
279787	119221
279787	195085
279788	82411
279796	16006
279796	224029
279796	226411
279806	105806
279806	186750
279806	225872
279845	226411
279846	197
279846	3902
279846	7016
279846	7695
279846	12121
279846	14246
279846	18522
279846	21204
279846	21764
279846	27914
279846	28243
279846	36090
279846	38908
279846	39140
279846	40797
279846	44144
279846	44867
279846	47649
279846	53085
279846	54652
279846	55341
279846	60136
279846	62336
279846	63856
279846	67471
279846	68009
279846	75952
279846	80020
279846	80028
279846	80300
279846	91686
279846	92121
279846	93879
279846	95925
279846	101011
279846	107368
279846	114206
279846	115825
279846	116046
279846	120299
279846	124579
279846	130832
279846	134083
279846	137690
279846	139924
279846	140547
279846	145500
279846	148931
279846	152170
279846	152360
279846	154835
279846	162642
279846	174764
279846	175401
279846	177176
279846	177985
279846	184595
279846	185890
279846	190732
279846	191181
279846	191659
279846	201804
279846	201856
279846	204569
279846	205831
279846	209902
279846	211260
279846	215448
279846	218460
279846	220953
279846	221530
279846	222614
279846	226137
279846	230828
279846	235469
279846	236386
279846	238139
279846	245744
279846	246117
279846	246928
279846	248255
279846	254107
279846	259094
279846	262267
279846	265387
279846	266870
279846	268119
279846	269198
279846	272690
279846	273292
279846	276237
279846	278218
279846	279226
279846	281196
279848	35296
279848	132695
279848	226411
279848	234704
279865	186750
279865	209054
279865	225872
279866	61334
279866	166976
279887	186750
279887	225872
279896	95
279896	11941
279896	19358
279896	21518
279896	27035
279896	55741
279896	63038
279896	67068
279896	89073
279896	105760
279896	131562
279896	139073
279896	161173
279896	186482
279896	213390
279896	218216
279896	219910
279896	228150
279896	228344
279896	249207
279896	262235
279896	262860
279958	61416
279958	65551
279958	76809
279958	206862
279958	226411
279958	229469
279958	238409
279965	68889
279965	95163
279965	136821
279965	185574
279965	186830
279965	251796
279965	272442
279968	186750
279968	225872
279971	14125
279971	19470
279971	20533
279971	53055
279971	84428
279971	92641
279971	116180
279971	117864
279971	141370
279971	165189
279971	177014
279971	226290
279971	243180
279971	244195
279971	247252
279971	281568
279994	34573
279994	38342
279994	72490
279994	81435
279994	105607
279994	167295
279994	198090
279994	214128
279994	226411
279994	234704
279994	245659
280002	15679
280002	30286
280002	70017
280002	82702
280002	159517
280002	195085
280002	222726
280002	258657
280035	33539
280049	659
280049	279406
280052	15679
280052	30286
280052	70017
280052	82702
280052	159517
280052	195085
280052	222726
280052	258657
280065	42894
280065	45760
280065	57251
280065	60500
280065	211293
280065	237448
280065	248028
280068	4765
280068	166976
280071	14125
280071	19470
280071	20533
280071	53055
280071	84428
280071	92641
280071	116180
280071	117864
280071	141370
280071	165189
280071	177014
280071	226290
280071	243180
280071	244195
280071	247252
280071	281568
280074	166976
280075	2963
280075	59492
280075	71784
280075	74506
280075	77116
280075	92907
280075	119221
280075	195085
280082	35084
280082	41117
280082	58764
280082	86240
280082	248139
280082	270771
280092	186750
280092	225872
280111	21521
280111	30654
280111	38696
280111	45981
280111	76513
280111	116346
280111	151409
280111	165704
280111	215342
280111	275776
280135	68295
280137	14125
280137	19470
280137	20533
280137	53055
280137	84428
280137	92641
280137	116180
280137	117864
280137	141370
280137	165189
280137	177014
280137	226290
280137	243180
280137	244195
280137	247252
280137	281568
280138	208086
280138	242522
280143	98954
280143	186750
280143	225872
280146	14125
280146	19470
280146	20533
280146	37024
280146	53055
280146	84428
280146	92641
280146	116180
280146	117864
280146	141370
280146	165189
280146	177014
280146	226290
280146	243180
280146	244195
280146	247252
280146	255203
280146	281568
280222	27176
280181	35084
280181	41117
280181	58764
280181	86240
280181	248139
280181	270771
280198	186750
280198	225872
280202	4456
280202	5481
280202	5551
280202	5672
280202	7441
280202	14587
280202	15908
280202	17255
280202	19935
280202	22216
280202	23467
280202	27691
280202	32816
280202	36566
280202	46138
280202	47384
280202	52467
280202	59204
280202	59332
280202	61122
280202	61608
280202	63733
280202	64873
280202	74904
280202	76491
280202	76871
280202	81033
280202	81856
280202	83559
280202	84624
280202	85460
280202	86777
280202	91967
280202	93413
280202	93432
280202	96285
280202	100795
280202	103564
280202	105400
280202	107554
280202	108346
280202	115546
280202	115956
280202	116910
280202	119952
280202	123869
280202	125691
280202	126384
280202	126466
280202	134395
280202	134884
280202	135209
280202	139893
280202	142740
280202	143298
280202	145466
280202	151189
280202	152268
280202	153284
280202	158280
280202	160331
280202	161224
280202	170061
280202	171787
280202	172930
280202	176323
280202	176727
280202	181583
280202	185402
280202	186426
280202	186750
280202	187201
280202	187875
280202	191919
280202	192151
280202	192904
280202	199576
280202	200044
280202	200173
280202	203435
280202	206250
280202	212367
280202	222212
280202	225198
280202	225708
280202	225872
280202	227352
280202	228291
280202	235024
280202	236976
280202	242898
280202	248153
280202	249607
280202	252535
280202	253247
280202	253575
280202	260745
280202	262203
280202	277640
280207	68295
280209	82411
280224	14125
280224	19470
280224	20533
280224	53055
280224	84428
280224	92641
280224	116180
280224	117864
280224	141370
280224	165189
280224	177014
280224	226290
280224	243180
280224	244195
280224	247252
280224	281568
280230	251876
280230	272765
280242	186750
280242	225872
280245	226411
280246	186750
280246	225872
280254	14125
280254	19470
280254	20533
280254	53055
280254	84428
280254	92641
280254	116180
280254	117864
280254	141370
280254	165189
280254	177014
280254	226290
280254	243180
280254	244195
280254	247252
280254	281568
280261	226411
280271	40604
280271	103429
280271	204436
280271	226411
280271	236666
280275	68889
280275	95163
280275	136821
280275	251796
280275	272442
280282	33539
280283	35084
280283	41117
280283	58764
280283	86240
280283	222332
280283	248139
280283	270771
280313	33539
280313	42309
280313	104572
280313	106423
280313	166455
280313	177213
280313	257278
280326	186750
280326	225872
280368	17781
280368	62478
280368	77999
280368	96745
280368	104018
280368	120708
280368	137632
280368	144545
280368	165004
280368	176790
280368	177116
280368	181701
280368	183004
280368	221087
280368	224308
280368	247241
280368	259455
280368	281795
280375	251876
280375	272765
280376	52753
280376	186750
280376	225872
280378	251876
280378	272765
280380	226411
280386	82411
280400	197
280400	4109
280400	7016
280400	7695
280400	11193
280400	12849
280400	13728
280400	15633
280400	18522
280400	27914
280400	28243
280400	35298
280400	36090
280400	39140
280400	42438
280400	44144
280400	44867
280400	47649
280400	51025
280400	52680
280400	53085
280400	55341
280400	62336
280400	63856
280400	64812
280400	68009
280400	73357
280400	75952
280400	77517
280400	80020
280400	92006
280400	92121
280400	93879
280400	95709
280400	97882
280400	100738
280400	101011
280400	106760
280400	107368
280400	112104
280400	113942
280400	116046
280400	117891
280400	120299
280400	126328
280400	129185
280400	130832
280400	137690
280400	139924
280400	140547
280400	143550
280400	143888
280400	144883
280400	145500
280400	147731
280400	148626
280400	151878
280400	152107
280400	152360
280400	152944
280400	154835
280400	156395
280400	170063
280400	173934
280400	174764
280400	175696
280400	177176
280400	177985
280400	184808
280400	185890
280400	190732
280400	194976
280400	201856
280400	204569
280400	205831
280400	205918
280400	209499
280400	209902
280400	213696
280400	215448
280400	216335
280400	218460
280400	219623
280400	220953
280400	222614
280400	226137
280400	230963
280400	235469
280400	236386
280400	238139
280400	241681
280400	244670
280400	245744
280400	246117
280400	248255
280400	249380
280400	257566
280400	259094
280400	259807
280400	265387
280400	268119
280400	269198
280400	270240
280400	272690
280400	273292
280400	276237
280400	278297
280400	279226
280400	281196
280411	226411
280456	88636
280466	82411
280471	15679
280471	30286
280471	70017
280471	82702
280471	159517
280471	195085
280471	205283
280471	222726
280471	258657
280490	33539
280490	72210
280506	278083
280507	186750
280507	225872
280512	166976
281563	10029
281563	20554
281563	34573
281563	38342
281563	44555
281563	51525
281563	53129
281563	56347
281563	66330
281563	72589
281563	81435
281563	92459
281563	96679
281563	99935
281563	105607
281563	109666
281563	125005
281563	136431
281563	161563
281563	167295
281563	168628
281563	172982
281563	187497
281563	198090
281563	206478
281563	214128
281563	226411
281563	231798
281563	232553
281563	234704
281563	235099
281563	242946
281563	243310
281563	245659
281563	263562
281563	271036
280518	101545
280518	166976
280523	98521
280523	186750
280523	225872
280555	35084
280555	41117
280555	58764
280555	86240
280555	248139
280555	270771
280581	67756
280581	69358
280581	241454
280588	207801
280588	218170
280597	15679
280597	30286
280597	70017
280597	82702
280597	159517
280597	195085
280597	222726
280597	258657
280603	68889
280603	95163
280603	136821
280603	251796
280603	272442
280611	251876
280611	272765
280616	186750
280616	225872
280633	12071
280633	153834
280633	174466
280633	186750
280633	199045
280633	225872
280633	238013
280637	35084
280637	41117
280637	58764
280637	86240
280637	248139
280637	270771
280662	226411
280669	42894
280669	45760
280669	57251
280669	60500
280669	211293
280669	237448
280669	248028
280702	161003
280702	168348
280702	186750
280702	225872
280720	226411
280723	10299
280723	22846
280723	29227
280723	120122
280723	122539
280723	137639
280723	192807
280723	230495
280723	255757
280723	272672
280732	82411
280741	123019
280741	142889
280741	154849
280741	196218
280741	266744
280748	4109
280748	7695
280748	13728
280748	18522
280748	35298
280748	36090
280748	39140
280748	42285
280748	44144
280748	44867
280748	44947
280748	52680
280748	53085
280748	55341
280748	62336
280748	63856
280748	68009
280748	75952
280748	93879
280748	94115
280748	95925
280748	100000
280748	100738
280748	107368
280748	113942
280748	114206
280748	115114
280748	115825
280748	116046
280748	129185
280748	130832
280748	137690
280748	139924
280748	140547
280748	143428
280748	143550
280748	145500
280748	152360
280748	152944
280748	154835
280748	170063
280748	175401
280748	177176
280748	177985
280748	185890
280748	190732
280748	194976
280748	196367
280748	201856
280748	204569
280748	215448
280748	216335
280748	218460
280748	220953
280748	226137
280748	235469
280748	238139
280748	244670
280748	245744
280748	246117
280748	246928
280748	252035
280748	254107
280748	256140
280748	259094
280748	259807
280748	265387
280748	268119
280748	269198
280748	272690
280748	273292
280748	276237
280748	276488
280748	279226
280748	281196
280754	35084
280754	41117
280754	58764
280754	86240
280754	248139
280754	270771
280770	226411
280800	24726
280800	118948
280800	129971
280800	194930
280800	213780
280815	42894
280815	45760
280815	57251
280815	60500
280815	211293
280815	237448
280815	248028
280832	207801
280832	218170
280845	226411
280900	166976
280904	14125
280904	19470
280904	20533
280904	53055
280904	84428
280904	92641
280904	116180
280904	117864
280904	141370
280904	165189
280904	177014
280904	226290
280904	243180
280904	244195
280904	247252
280904	281568
280921	96387
280921	223226
280926	42894
280926	45760
280926	57251
280926	60500
280926	211293
280926	237448
280926	248028
280982	200908
280982	241474
281032	2963
281032	59492
281032	71784
281032	74506
281032	77116
281032	92907
281032	119221
281032	195085
281040	42894
281040	45760
281040	57251
281040	60500
281040	211293
281040	237448
281040	248028
281066	14125
281066	19470
281066	20533
281066	53055
281066	84428
281066	92641
281066	116180
281066	117864
281066	141370
281066	165189
281066	177014
281066	226290
281066	243180
281066	244195
281066	247252
281066	281568
281068	3164
281068	28499
281068	46330
281068	56946
281068	69638
281068	73530
281068	82167
281068	82476
281068	84906
281068	86939
281068	90543
281068	101514
281068	105147
281068	121417
281068	128047
281068	143037
281068	151707
281068	153746
281068	170473
281068	193826
281068	204315
281068	212707
281068	219188
281068	227591
281068	228296
281068	235570
281068	241587
281068	251442
281068	256234
281068	259439
281068	262801
281068	265957
281068	266513
281068	272254
281068	273998
281364	149638
281077	15679
281077	30286
281077	70017
281077	82702
281077	159517
281077	195085
281077	222726
281077	258657
281079	226411
281100	35084
281100	41117
281100	58764
281100	86240
281100	248139
281100	270771
281105	168930
281105	193798
281105	226411
281105	236666
281113	226411
281152	35084
281152	41117
281152	58764
281152	86240
281152	248139
281152	270771
281181	226411
281183	7522
281183	8261
281183	39335
281183	43407
281183	44116
281183	46227
281183	56626
281183	110893
281183	112858
281183	114316
281183	156959
281183	165336
281183	166057
281183	183865
281183	184727
281183	200561
281183	204562
281183	214427
281183	226411
281183	228449
281183	243109
281183	254862
281183	257879
281183	263771
281183	265428
281183	278875
281197	2208
281197	9236
281197	13078
281197	19348
281197	25181
281197	26849
281197	39024
281197	45061
281197	73239
281197	75538
281197	84070
281197	90515
281197	92419
281197	121635
281197	138689
281197	139864
281197	145462
281197	150391
281197	160831
281197	167367
281197	169254
281197	183947
281197	216233
281197	226411
281197	229024
281197	245938
281197	247745
281197	256214
281197	258071
281197	266688
281197	273424
281197	274882
281197	277815
281197	279419
281219	35084
281219	41117
281219	58764
281219	86240
281219	248139
281219	270771
281221	153771
281464	35305
281464	73531
281464	225678
281223	226411
281265	35084
281265	41117
281265	58764
281265	86240
281265	248139
281265	270771
281286	42894
281286	45760
281286	57251
281286	60500
281286	211293
281286	237448
281286	248028
281291	96387
281291	274216
281307	226411
281318	35084
281318	41117
281318	58764
281318	86240
281318	248139
281318	270771
281332	226411
281393	485
281393	52268
281422	226411
281424	226411
281443	23812
281443	110213
281443	113875
281443	115362
281443	132167
281443	142966
281443	158821
281443	186750
281443	198761
281443	211089
281443	225872
281443	239788
281443	262422
281443	263075
281443	272420
281466	14344
281466	29314
281466	48213
281466	61747
281466	67252
281466	113133
281466	113398
281466	116488
281466	132068
281466	137492
281466	147479
281466	186207
281466	187994
281466	199174
281466	226411
281466	229877
281466	254698
281466	261386
281466	262319
281466	263242
281466	269227
281466	271068
281466	271160
281474	15760
281474	186750
281474	225872
281474	263297
281485	21588
281485	186750
281485	187769
281485	225872
281492	56878
281492	212119
281498	226411
281514	226411
281523	14125
281523	19470
281523	20533
281523	53055
281523	84428
281523	92641
281523	116180
281523	117864
281523	141370
281523	165189
281523	177014
281523	226290
281523	243180
281523	244195
281523	247252
281523	281568
281536	68295
281537	226411
281559	20468
281559	27115
281559	32916
281559	132088
281559	153450
281559	255754
281559	278668
281567	226411
281573	14125
281573	19470
281573	20533
281573	53055
281573	84428
281573	92641
281573	116180
281573	117864
281573	141370
281573	165189
281573	177014
281573	226290
281573	243180
281573	244195
281573	247252
281573	281568
281574	226411
281581	251876
281581	272765
281585	35084
281585	41117
281585	58764
281585	86240
281585	222332
281585	248139
281585	270771
281593	207801
281593	218170
281627	226411
281646	226411
281647	2963
281647	59492
281647	71784
281647	74506
281647	77116
281647	92907
281647	119221
281647	195085
281700	26525
281700	32342
281700	64366
281700	100167
281700	132175
281700	145188
281700	152241
281700	173359
281700	176355
281700	183269
281700	186750
281700	225872
281700	226678
281700	245909
281700	246060
281715	186750
281715	225872
281728	197
281728	7695
281728	14246
281728	14709
281728	15452
281728	18522
281728	21204
281728	27914
281728	28243
281728	36090
281728	44144
281728	44867
281728	47649
281728	52680
281728	53085
281728	55341
281728	57607
281728	60561
281728	62336
281728	63856
281728	64812
281728	68009
281728	71958
281728	74727
281728	75952
281728	82637
281728	83341
281728	92111
281728	93879
281728	94115
281728	95925
281728	100738
281728	107368
281728	112111
281728	115114
281728	115825
281728	117891
281728	122916
281728	126917
281728	129185
281728	130832
281728	137690
281728	139924
281728	140547
281728	143428
281728	145500
281728	152170
281728	154835
281728	174002
281728	177176
281728	177701
281728	187986
281728	196367
281728	204569
281728	205831
281728	209902
281728	215448
281728	218460
281728	220953
281728	226137
281728	230963
281728	235469
281728	236225
281728	238139
281728	239595
281728	245744
281728	246928
281728	248255
281728	252035
281728	259094
281728	265387
281728	266488
281728	272690
281728	273292
281728	273467
281728	276237
281728	278218
281728	279153
281728	279226
281728	281196
281778	177724
281785	226411
281813	186750
281813	216451
281813	225872
281849	14125
281849	19470
281849	20533
281849	53055
281849	84428
281849	92641
281849	116180
281849	117864
281849	141370
281849	165189
281849	177014
281849	226290
281849	243180
281849	244195
281849	247252
281849	281568
281865	186750
281865	225872
281888	114388
281888	192969
281888	233184
